0 200 200 141990 9.99836e-08 9.99836e-08 40020.8 0.000100418 2.73 0.83 6.18587
1 100 100 48364 9.96254e-10 9.96254e-10 37968 196733 9.99255e-10 9.99255e-10 151865 0.000303543 0.06 0.06 1.15364 10.1874
1 200 200 156077 9.99774e-08 9.99774e-08 151865 500000 4.6315e-06 4.6315e-06 607453 7.78776e-05 0.06 0.06 6.3505 56.7837
0 100 100 44822 9.99131e-10 9.99131e-10 10019.5 0.000401561 2.73 0.83 1.10136
1 100 100 48380 9.97096e-10 9.97096e-10 37968 196734 9.97938e-10 9.97938e-10 151865 0.000303543 0.06 0.06 1.23291 8.59603
0 100 100 44820 9.99622e-10 9.99622e-10 10019.5 0.000401561 2.73 0.83 1.35853
0 100 100 44827 9.99809e-10 9.99809e-10 10019.5 0.000401561 2.73 0.83 0.823085
0 100 100 44823 9.99892e-10 9.99892e-10 10019.5 0.000401561 2.73 0.83 1.17918
0 100 100 44826 9.9995e-10 9.9995e-10 10019.5 0.000401561 2.73 0.83 1.09828
0 100 100 44825 9.99809e-10 9.99809e-10 10019.5 0.000401561 2.73 0.83 1.11138
0 100 100 44827 9.99809e-10 9.99809e-10 10019.5 0.000401561 2.73 0.83 1.07295
0 100 100 44823 9.99809e-10 9.99809e-10 10019.5 0.000401561 2.73 0.83 1.1151
0 100 100 44824 9.99167e-10 9.99167e-10 10019.5 0.000401561 2.73 0.83 1.01833
1 100 100 48351 9.99764e-10 9.99764e-10 37968 196745 9.96695e-10 9.96695e-10 151865 0.000303543 0.06 0.06 1.00229 8.18979
0 100 100 44824 9.9995e-10 9.9995e-10 10019.5 0.000401561 2.73 0.83 1.13509
0 100 100 44827 9.99815e-10 9.99815e-10 10019.5 0.000401561 2.73 0.83 0.92749
1 100 100 48365 9.99995e-10 9.99995e-10 37968 196726 9.98676e-10 9.98676e-10 151865 0.000303543 0.06 0.06 0.876055 6.37546
0 100 100 44825 9.99354e-10 9.99354e-10 10019.5 0.000401561 2.73 0.83 0.952089
1 100 100 48357 9.98756e-10 9.98756e-10 37968 196700 9.97938e-10 9.97938e-10 151865 0.000303543 0.06 0.06 0.967291 6.76848
0 100 100 44825 9.99815e-10 9.99815e-10 10019.5 0.000401561 2.73 0.83 0.86971
1 100 100 48361 9.99764e-10 9.99764e-10 37968 196695 9.97938e-10 9.97938e-10 151865 0.000303543 0.06 0.06 0.963195 7.08616
0 100 100 44826 9.99622e-10 9.99622e-10 10019.5 0.000401561 2.73 0.83 0.900656
0 100 100 44825 9.99809e-10 9.99809e-10 10019.5 0.000401561 2.73 0.83 0.867759
0 100 100 44825 9.99354e-10 9.99354e-10 10019.5 0.000401561 2.73 0.83 0.803444
0 100 100 44822 9.9995e-10 9.9995e-10 10019.5 0.000401561 2.73 0.83 0.831214
0 100 100 44829 9.99703e-10 9.99703e-10 10019.5 0.000401561 2.73 0.83 1.39154
1 100 100 48357 9.97194e-10 9.97194e-10 37968 196752 9.91906e-10 9.91906e-10 151865 0.000303543 0.06 0.06 0.878135 6.75995
1 100 100 48359 9.99764e-10 9.99764e-10 37968 196755 9.99255e-10 9.99255e-10 151865 0.000303543 0.06 0.06 1.45412 6.85475
0 100 100 44822 9.99496e-10 9.99496e-10 10019.5 0.000401561 2.73 0.83 0.916992
1 100 100 48370 9.96412e-10 9.96412e-10 37968 196718 9.98676e-10 9.98676e-10 151865 0.000303543 0.06 0.06 0.904138 6.32473
